$ 1 0.000005 10.20027730826997 50 5 50 5e-11
r 208 176 208 240 0 1000
r 208 240 208 304 0 1000
r 352 256 352 320 0 1000
p 272 240 288 256 3 0 0 10000000
g 320 80 320 96 0 0
w 272 80 320 80 0
174 304 176 384 192 1 15000 0.0149 Resistance
g 272 320 272 336 0 0
v 272 112 272 176 0 0 40 5 0 0 0.5
w 272 80 272 112 0
w 208 176 272 176 0
w 272 176 304 176 0
x 206 155 253 158 4 16 5V\sDC
x 289 161 303 164 4 24 \p
x 290 141 297 144 4 24 -
r 352 192 352 256 0 1000
w 208 240 272 240 0
w 288 256 352 256 0
w 208 304 208 320 0
w 208 320 272 320 0
w 272 320 352 320 0